shape_id,shape_pt_lat,shape_pt_lon,shape_pt_sequence,shape_dist_traveled
blue_out,-27.4850,152.9920,1,0
blue_out,-27.4750,153.0080,2,5
blue_out,-27.4662,153.0260,3,10
blue_out,-27.4250,153.0700,4,20
blue_out,-27.3840,153.1180,5,30
blue_in,-27.3840,153.1180,1,0
blue_in,-27.4250,153.0700,2,10
blue_in,-27.4662,153.0260,3,20
blue_in,-27.4750,153.0080,4,25
blue_in,-27.4850,152.9920,5,30
gold_out,-27.4850,152.9920,1,0
gold_out,-27.4662,153.0260,2,10
gold_out,-27.4800,153.1000,3,20
gold_out,-27.5250,153.2550,4,35
bus_shape,-27.4700,153.0300,1,0
bus_shape,-27.4662,153.0260,2,10
