shape_id,shape_pt_lat,shape_pt_lon,shape_pt_sequence,shape_dist_traveled
m1_in,-27.5750,153.1000,1,0
m1_in,-27.5580,153.0830,2,4
m1_in,-27.5450,153.0660,3,8
m1_in,-27.5000,153.0450,4,12
m1_in,-27.4750,153.0180,5,16
m1_in,-27.4660,153.0180,6,20
m1_out,-27.4660,153.0180,1,0
m1_out,-27.4750,153.0180,2,4
m1_out,-27.5000,153.0450,3,8
m1_out,-27.5450,153.0660,4,12
m1_out,-27.5580,153.0830,5,16
m1_out,-27.5750,153.1000,6,20
m2_in,-27.4970,153.0140,1,0
m2_in,-27.4750,153.0180,2,8
m2_in,-27.4470,153.0280,3,16
rail_shape,-27.4700,153.0300,1,0
rail_shape,-27.4600,153.0400,2,5
